1101100001001101
0011110010001111
1001011000011101
0111111111111111
1011101010100011
1010001001000111
0101000011001111
1000000000000000
0100001101011001
0000001001100100
1110100011010001
0001100111000010
1010110001111111
0110100111110100
0000011000111111
0100101001111001
1100111000001011
1110010001000001
0001101001011101
0110001011111011
1110111010011000
0111111111111111
0101011100001111
1001111001111111
0011000100000001
0010001011010111
1001011001010110
1101100101110110
1010110000100100
0001010101111100
0111110110101001
0001010001010111
0110101110110110
1111100011110010
1010110110110101
1111100010001011
0101001000010101
1000000000000000
0001011001000010
0111111111111111
0110101100101101
0100100100111000
0101110100000110
0010110001000110
1110001111010000
1010110011011101
0101101001101010
0100101111101101
1000000000000000
0010100111100010
0111011000001011
1000000000000000
1001100011100011
0110011010110000
0100001001011100
0111111111111111
0010010011110011
0001010101111010
0001111001000101
0111111111111111
0111111111111111
0001111010101100
1001001011000011
1001000101111010
0010000101100110
0100010000010101
1111001110110010
0100100101001011
1000000000000000
0101010011000011
0111111111111111
1101001001011000
0111111111111111
1111111100010100
0111111111111111
0000110111111000
1101100000110001
0011011001000001
1000000000000000
1000000000000000
1111101100110010
1000000000000000
1001010010110001
0101111001000110
1100101011010011
0000001111010000
0110011011101111
1111010001010011
0110001011110000
1000000000000000
0100001111011010
0000101001110010
1000000000000000
0000100111111100
0111111111111111
1110000001110110
0110000001111100
1010101010000100
0110010111010111
0011000100000001
1110010010001000
0111111111111111
1011111000001100
1101101111101110
0101010110011001
1001101011001011
0101101101011111
0101000111000011
0010010011000001
1001110110001011
0011100100100110
1101010010000000
1101011000111010
0011000011100100
1101001100111011
0000000011101111
0110100111101010
1100100010101011
1011000110000110
1110011110010010
0111111111111111
1110000000011011
0010110100101011
1010010110101001
1000000000000000
1000000000000000
1110100101100101
0101001010101110
1100001111111000
1011000010101010
0111100101100100
0000010000011100
0111010000100001
0000111000001010
1011111111010011
0011001111010011
0100000101000010
1100110011111100
0111011010111010
0010111011111011
1000000000000000
1001011110110000
1111111101010111
0000111111000110
0010100000011110
0110000111011011
1111001100000010
1010101010110110
0001011000110010
0000011011010000
1110000110000000
0111111111111111
1110111001000110
1011110101111101
1101101001100010
1010011001111110
0101100111011111
1010011010111010
0011111011010110
1100000111111101
0111111001100000
0111111111111111
1100000110100000
1001000010111011
0101000010100000
1100110111101101
0010001001001000
0111110000010000
0101100010011110
1010111111011011
0110011101010101
0110000000000000
1100100101111001
1000000101000011
1001011000011010
1011010000010111
0011001101001100
0111111111111111
0010101110110010
1101101101000011
1111101001101111
0011110010010110
1100101010110111
0111111111111111
0100010000100110
1110110001111101
0111111111111111
1000000000000000
0100100111110010
1010100110100001
1000000000000000
1001000000001100
1001001001001110
0111111111111111
1000000000000000
1100101110011011
0011111111110111
0001000110011010
1001110111100011
1101110010000111
1001011001010001
1000000000000000
1010101101001100
1011100110010010
0100010110010001
1010101010010011
1101011011100000
0101000010011001
1111110010011100
0100000001001100
1101010000010010
1110100110110011
0111111111111111
0001101100010110
0010010111001100
0010101000000100
0011001000110110
1111111101000010
0010011110101011
1111010110111000
1000000000000000
0111111111111111
0111111111111111
0010101101000111
0000011111000101
1010111011001110
0000110011110011
0110001111100000
0101011001110110
0000110000111000
0000000000010011
1001111001100100
1110001001100100
0001111011110010
1110010100011111
1000000000000000
0111111111111111
1101111101001001
0000101110010010
0101101110011011
1001010110100111
1110010011011101
1000000000000000
0110100010110010
0110110110011010
1111000001010001
0000011110001000
1100000011001110
1110010110101100
0101111100110011
1110111010111101
0010100111111010
1011101111111110
0000001011011001
1001100100001101
1111111110100011
0000100100101000
0010000000000100
0001001101001001
0110000011011001
0000101000110110
1110011111100111
1101100110111011
0000000100000110
0110110100111101
0111111111111111
1001001101100111
0111111111111111
1100100000000110
1111010010111011
1000000000000000
0000011011110110
1101000100000110
1011000001110110
0010111000100010
1011011111001011
1101100101010010
1000000000000000
0011000110110110
1000100110111011
1011110010110010
0111111111111111
0000110100000000
0010001110101000
0111001100100111
1101100111010111
0110011110111011
1001101101010000
1111100001111001
1000000000000000
0001100000110000
1100101001111101
0010101000000101
0011010100010010
0001111001010101
0111111111111111
0001010111101110
1000010101000000
0111111111111111
1101111010110010
0110011110111011
1100000000010100
0001010000000110
1100000010011000
0111110010111011
0001101001011101
0000010110001001
0010111001111010
0111111111111111
1000000000000000
0010111000110011
0111111001000000
0111101011000101
1110111110011110
0010010010100011
1000000000000000
1110010011110110
1111110110001011
1110011011000000
0010011010011101
0010110101000001
0100100100001011
1100001110110010
0111111111111111
0001111010000110
0000101100111100
1001000001110101
0001111101111010
0011000110110010
1101101011101001
0011100010000101
1011000101001101
1110101001011010
1011111001111000
0111111111111111
0100110101000010
0111111111111111
0011010001011101
0111111111111111
1011101000111000
0111111111111111
1110000001111110
0010000111101010
0000101010111000
1101000000010110
0111111111111111
0111101100101101
0100010000101011
1001011101110110
1110111010001000
1101110101100001
0111111111111111
0101110001011111
0010110110011000
0100110111100100
0101111111001110
0011000000001110
1110100100100011
1111011010011001
0011000101111000
0111001000110101
0110110000001100
0110001111000000
0101011000110101
1000011111001101
1110001001111000
1010100000010011
1000000000000000
0001000001011001
1101001100100001
0101111011001011
0000110100000011
1100111000011110
0000100010111011
1101010001101001
0100101000000111
1111001010110010
1101110110010000
1111101110011111
1010100111110100
1100101010000000
1000000000000000
0001000001000000
0111111111111111
1110011110000001
1100000111010000
0100010101101100
1101111000110000
0100010011110010
1001001110111111
1001100101110100
0011000011011100
0101111111101010
1001010001110010
1111111001010100
1111101110001111
1101001010100101
0101110010110010
1110010011101000
0111111111111111
1000000000000000
0110000101011110
1111101001110011
0000100000111111
0011011001000110
0111111111111111
1111011011010101
0001000111111000
1101011110010011
0001111010110110
1000000000000000
0101111100100110
1101000100001101
0111010011101000
1101101000011100
0011001101011100
1011000011110100
1100011010011000
0010101100100010
1010001101011001
0010101011101001
1111101011101000
0010000011111010
1011111101001011
0011110110011011
0001110110101111
0001111110111110
1010001010110001
1101010001000110
0101111000110111
0101010000000111
1111000010010100
1100011101001000
0000001000011110
1010110000101100
1111001100111100
0011111101001111
0001001101001011
1111110001101100
1111011010000110
1000010010000011
1101001101110010
0111111111111111
1110010101100111
1101000001010110
0110010011011101
0010101111100100
1110010110011110
1101111011111111
1010110111101011
1000000000000000
1101111101111100
1101010000100010
1011110110100100
0101100101101101
1001000100011001
0111111111111111
0100011011001001
0011101010010000
0011110001011100
0111111111111111
0111111111111111
0100100100100101
1000000000000000
1000111111110101
1111111101110011
0000101101100000
1001110010001111
0111000100101100
1111000111001001
0000101101110110
1011101000011010
0011010001010011
0111111111111111
0010001001011010
0111111111111111
0011110101001010
1100101000110000
0100100101001011
0000001111100111
1000000000000000
1110111110000000
0100001100100001
1010011111101100
1110110011010011
0001000000100001
1101101011001111
1010111110001101
1100000101001100
1000000000000000
1011000011000000
1000000000000000
0001000110001001
1011001100101010
0001011000101010
0001011101101000
0011001010111001
1111010000100001
0111111111111111
1000000000000000
1111100100101101
0001011100111101
0100111011110100
1110010000101000
0001000110001110
0000101101011010
1111101101101110
0111100010011000
1100111100100011
1001111101111001
1000000000000000
0111111111111111
1100101101011010
1111101001110101
0111111111111111
0010010100110000
0000000011101000
0100111001100110
0111111111111111
1001001111010111
0110100101000111
1001010000010101
0110000111110010
0001111111010011
0111011001010001
1010001101011000
0101011101101111
1100101010001010
